GeneID	rep1	rep2	rep3	rep4	rep5	rep6	rep7	rep8	
1415710_at	2	7	5	1	9	10	8	1	
1415725_at	5	5	10	3	6	4	9	2	
1415728_at	9	2	6	2	1	8	9	2	
1415733_a_at	9	2	6	3	6	6	2	2	
1415735_at	9	2	6	2	1	8	2	2	
1415768_a_at	2	7	5	1	9	10	8	1	
1415771_at	9	2	6	2	1	8	9	2	
1415772_at	5	5	10	7	7	4	10	8	
1415773_at	3	5	10	7	7	8	9	3	
1415774_at	5	5	10	7	6	4	10	8	
1415785_a_at	9	2	6	3	6	6	2	2	
1415793_at	9	2	6	3	6	6	2	2	
1415802_at	7	4	2	10	2	2	10	8	
1415807_s_at	9	2	6	2	1	8	9	2	
1415829_at	6	10	9	5	2	9	7	6	
1415839_a_at	3	5	10	2	7	8	9	3	
1415841_at	2	7	5	1	9	10	8	1	
1415851_a_at	3	10	9	5	7	9	7	3	
1415852_at	3	4	9	5	7	9	7	3	
1415860_at	5	5	10	7	6	8	9	2	
1415867_at	9	2	6	2	6	8	9	2	
1415870_at	4	1	4	2	1	7	3	7	
1415872_at	9	2	6	2	1	8	9	2	
1415874_at	4	1	4	9	1	7	3	7	
1415878_at	3	10	9	2	7	9	9	3	
1415903_at	9	5	6	2	1	8	9	2	
1415915_at	9	2	6	2	1	8	3	2	
1415917_at	7	4	2	10	2	2	7	10	
1415922_s_at	10	8	8	8	10	1	6	9	
1415945_at	3	10	9	5	7	9	7	3	
1415975_at	2	7	5	1	9	10	8	1	
1415976_a_at	2	7	5	1	9	10	8	1	
1415985_at	9	2	6	2	1	8	9	2	
1415993_at	7	4	2	10	2	2	10	8	
1416001_a_at	9	2	6	2	1	8	9	2	
1416014_at	3	4	10	7	7	2	10	8	
1416015_s_at	7	4	2	10	2	2	10	8	
1416016_at	10	8	8	8	10	1	6	9	
1416030_a_at	3	4	2	10	2	2	7	8	
1416034_at	3	10	9	5	7	9	7	3	
1416035_at	2	7	5	1	9	10	8	1	
1416037_a_at	9	2	6	2	1	8	9	2	
1416041_at	2	7	5	1	9	10	8	1	
1416052_at	9	2	6	2	1	8	9	2	
1416065_a_at	5	5	10	7	7	4	10	8	
1416070_a_at	9	2	6	3	6	8	9	2	
1416071_at	5	5	10	7	6	4	10	8	
1416073_a_at	5	5	10	7	6	4	9	2	
1416100_at	9	2	6	3	6	6	2	2	
1416101_a_at	1	7	5	1	9	10	8	5	
1428706_at	9	5	10	7	6	8	9	2	
1428756_at	5	5	10	7	7	4	10	8	
1428767_at	2	7	5	1	9	10	8	1	
1428775_at	5	3	1	10	3	4	10	8	
1428796_at	2	7	7	6	5	10	4	1	
1428797_at	5	4	2	10	2	2	10	8	
1428819_at	4	1	4	2	1	8	9	7	
1428820_at	3	4	10	7	7	9	7	3	
1428823_at	3	10	9	2	8	9	9	3	
1428838_a_at	2	7	7	6	5	10	4	1	
1428843_at	10	8	8	8	10	1	6	9	
1428883_at	9	2	6	3	6	6	2	2	
1428888_at	9	2	6	2	1	8	9	2	
1428892_at	9	2	6	3	6	8	9	2	
1428935_at	4	1	4	9	1	7	3	7	
1428940_at	9	2	6	2	1	8	9	2	
1428951_at	5	5	10	7	6	4	9	2	
1428976_at	4	1	4	9	1	7	3	7	
1429002_at	2	7	5	1	9	10	8	1	
1429003_at	2	7	5	1	9	10	8	1	
1429009_at	9	2	4	2	1	8	3	7	
1429012_at	5	5	10	7	6	4	9	2	
1429057_at	9	2	6	3	6	6	2	2	
1429062_at	9	2	6	2	1	8	9	2	
1429063_s_at	4	1	4	2	1	8	9	7	
1429082_at	2	7	5	1	9	10	8	1	
1429122_a_at	5	3	1	7	6	4	10	8	
1429126_at	4	1	4	2	1	8	9	7	
1429169_at	3	5	10	7	7	8	9	3	
1429184_at	10	8	8	8	10	1	6	9	
1429193_at	2	7	5	1	9	10	8	1	
1429233_at	4	1	4	2	1	7	3	7	
1429234_s_at	3	10	9	5	8	9	7	3	
1429264_at	9	2	6	2	1	8	9	2	
1429267_at	9	2	6	3	6	8	9	2	
1429295_s_at	2	7	7	6	5	10	4	1	
1429297_at	6	10	9	5	7	9	7	6	
1429329_at	9	2	6	3	6	6	2	2	
1429387_at	10	8	8	8	10	1	6	9	
1429400_at	4	1	4	9	1	7	3	7	
1429411_a_at	9	2	6	2	1	8	9	2	
1429427_s_at	7	6	2	10	3	5	1	10	
1429434_at	3	10	9	5	8	9	7	3	
1429435_x_at	9	2	6	2	1	8	9	2	
1429456_a_at	9	2	6	3	6	6	2	2	
1429466_s_at	1	7	5	1	9	10	8	5	
1429508_at	9	2	6	2	1	8	9	2	
1429521_at	5	5	10	7	6	4	10	8	
1429532_at	9	2	6	2	6	8	9	2	
1429564_at	10	8	8	8	10	1	6	9	
1435926_at	5	5	10	7	7	4	10	8	
1435927_at	10	8	8	8	10	1	6	9	
1435939_s_at	7	6	2	10	2	5	1	10	
1435953_at	9	2	6	2	1	8	9	2	
1435959_at	4	1	4	2	8	7	3	7	
1436058_at	8	9	3	4	4	3	5	4	
1436070_at	3	5	10	7	7	8	9	3	
1436125_at	3	5	10	7	7	4	9	3	
1436181_at	5	4	2	10	2	2	10	8	
1436194_at	1	7	5	1	9	10	8	5	
1436195_at	2	7	5	1	9	10	8	1	
1436247_at	3	5	10	7	7	8	9	3	
1436291_a_at	2	7	5	1	9	10	8	1	
1436297_a_at	1	7	5	1	9	10	8	5	
1436322_a_at	5	3	1	3	6	4	2	2	
1436323_at	9	2	1	3	6	6	2	2	
1436325_at	1	7	5	1	9	10	8	5	
1436336_at	9	2	6	3	6	6	2	2	
1436362_x_at	9	2	6	2	1	8	9	2	
1436387_at	4	1	7	6	5	7	4	7	
1436390_a_at	9	2	6	3	6	6	2	2	
1436393_a_at	9	2	6	3	6	6	2	2	
1436405_at	4	1	4	9	8	7	3	7	
1436420_a_at	3	10	9	5	7	9	7	3	
1436422_at	4	1	4	2	1	8	3	7	
1436443_a_at	9	5	6	2	1	8	9	2	
1436448_a_at	3	5	10	7	7	8	9	3	
1436462_at	9	5	6	2	6	8	9	2	
1436482_a_at	2	7	5	1	9	10	8	1	
1436494_x_at	5	5	10	7	7	4	10	8	
1436507_at	10	8	8	8	10	1	6	9	
1436508_at	3	4	10	7	7	9	7	3	
1436543_at	9	2	6	3	6	6	2	2	
1436550_at	4	1	4	9	1	7	3	7	
1436555_at	2	7	7	6	5	10	4	1	
1436562_at	10	8	8	8	10	1	6	9	
1436595_at	9	2	6	2	1	8	9	2	
1436602_x_at	4	1	4	9	8	7	3	7	
1436614_at	7	6	2	10	2	5	1	10	
1436625_at	10	8	8	8	10	1	6	9	
1436684_a_at	5	5	10	7	7	4	10	8	
1436689_a_at	9	2	6	3	6	6	2	2	
1436705_at	3	4	10	7	7	2	10	8	
1436706_at	7	4	2	10	2	2	10	8	
1436707_x_at	3	10	9	7	7	9	7	3	
1436708_x_at	3	4	10	7	7	2	7	3	
1436777_at	7	6	2	10	2	5	1	10	
1436781_at	5	3	1	3	3	4	10	8	
1436808_x_at	6	10	9	5	7	9	7	6	
1436816_at	4	1	4	9	1	7	3	7	
1443071_at	5	4	10	7	7	2	10	8	
1443673_x_at	7	6	2	10	2	5	1	10	
1443698_at	8	9	3	4	4	3	5	4	
1443750_s_at	7	6	2	10	2	5	1	10	
1443841_x_at	7	4	2	10	2	2	10	8	
1443858_at	10	8	8	8	10	1	6	9	
1443863_at	2	7	5	1	9	10	8	1	
1443907_at	2	7	7	6	5	10	4	1	
1443948_at	2	7	5	1	9	10	8	1	
1443969_at	7	6	2	10	3	5	1	10	
1444040_at	5	5	10	7	7	8	9	2	
1444350_at	2	7	5	1	9	10	8	1	
1444399_at	10	8	8	8	10	1	6	9	
1444405_at	8	9	3	4	4	3	5	4	
1444420_at	1	3	1	3	6	6	2	5	
1444426_at	4	1	4	9	8	7	3	7	
1444524_at	2	7	5	1	9	10	8	1	
1444531_at	6	10	9	5	8	9	7	6	
1444537_at	9	2	4	2	1	8	3	2	
1444644_x_at	9	2	6	3	6	6	2	2	
1444735_at	3	4	10	7	7	9	7	3	
1444951_at	2	7	7	6	5	10	4	1	
1445271_at	10	8	8	8	10	1	6	9	
1445381_at	1	7	5	1	9	10	8	5	
1445514_at	4	1	4	9	8	7	3	7	
1445522_at	6	10	9	5	2	9	7	6	
1445626_at	4	1	4	9	1	7	3	7	
1445647_at	2	7	5	1	9	10	8	1	
1445680_x_at	3	10	9	5	8	9	7	3	
1445684_s_at	3	5	10	7	7	8	9	3	
1445687_at	2	7	5	1	9	10	8	1	
1445870_at	4	1	4	9	8	7	3	7	
1445897_s_at	10	8	8	8	10	1	6	9	
1446542_at	6	10	9	5	8	9	7	6	
1447100_s_at	10	8	8	8	10	1	6	9	
1447109_at	9	2	6	3	6	8	9	2	
1447272_s_at	2	7	7	6	5	10	4	1	
1447284_at	3	5	10	7	7	9	9	3	
1447679_s_at	9	2	6	3	6	6	2	2	
1447780_x_at	9	2	6	3	6	6	2	2	
1447851_x_at	2	7	7	6	5	10	4	1	
1447880_x_at	2	7	5	1	9	10	8	1	
1447898_s_at	3	4	10	7	7	2	10	8	
1447900_x_at	9	2	6	3	6	6	2	2	
1447903_x_at	4	1	4	9	1	7	3	7	
1447985_s_at	2	7	5	1	9	10	8	1	
1448009_at	4	1	4	9	1	7	3	7	
1448013_at	9	1	4	2	1	8	3	7	
1448014_s_at	4	1	4	9	1	7	3	7	
1448016_at	10	8	8	8	10	1	6	9	
1448575_at	2	7	5	1	9	10	8	1	
1448576_at	2	7	5	1	9	10	8	1	
1448577_x_at	2	7	5	1	9	10	8	1	
1448583_at	10	8	8	8	10	1	6	9	
1448585_at	9	2	6	3	6	6	2	2	
1448604_at	7	6	2	10	2	2	1	10	
1448605_at	2	7	5	1	9	10	8	1	
1448627_s_at	3	10	9	5	7	9	7	3	
1448632_at	10	8	8	8	10	1	6	9	
1448635_at	3	10	9	5	7	9	7	3	
1448641_at	4	1	4	9	1	7	3	7	
1448646_at	7	6	2	10	2	5	1	10	
1448659_at	2	7	5	1	9	10	8	1	
1448661_at	2	7	7	6	5	10	4	1	
1448664_a_at	9	2	6	3	6	6	2	2	
1448666_s_at	5	5	10	7	7	8	9	2	
1448667_x_at	9	5	10	7	6	8	9	2	
1448698_at	2	7	5	1	9	10	8	1	
1448728_a_at	2	7	7	6	5	10	4	1	
1448740_at	3	4	10	7	7	9	7	3	
1448751_at	2	7	5	1	9	10	8	1	
1448775_at	8	9	3	4	4	3	5	4	
1448777_at	7	4	2	10	2	2	10	8	
1448794_s_at	5	5	10	7	7	4	10	8	
1448795_a_at	9	5	6	7	6	8	9	2	
1448802_at	1	2	1	3	9	6	2	5	
1448809_at	9	5	10	2	7	8	9	2	
1448839_at	5	4	10	7	7	4	10	8	
1448843_at	4	1	4	2	1	8	9	7	
1448865_at	3	10	9	2	8	9	9	3	
1448882_at	5	5	10	7	7	4	10	8	
1448938_at	9	2	6	2	1	8	9	2	
1448939_at	10	8	8	8	10	1	6	9	
1448943_at	4	1	4	9	8	7	3	7	
1448958_at	10	8	8	8	10	1	6	9	
1448987_at	2	7	5	1	9	10	8	1	
1448991_a_at	7	6	2	10	3	5	1	10	
1449009_at	8	9	3	4	4	3	5	4	
1449044_at	3	4	10	7	7	2	10	3	
1449049_at	10	8	8	8	10	1	6	9	
1449061_a_at	7	4	2	10	2	2	1	10	
1449072_a_at	4	1	4	9	1	7	3	7	
1449080_at	9	5	10	7	7	8	9	2	
1449095_at	2	7	7	6	5	10	4	1	
1449107_at	9	2	6	3	6	6	2	2	
1449111_a_at	2	7	5	1	9	10	8	1	
1449116_a_at	3	10	9	5	7	9	7	3	
1449124_at	10	8	8	8	10	1	6	9	
1449137_at	9	2	6	2	1	8	9	2	
1449139_at	4	1	4	2	1	8	3	7	
1458656_at	2	7	5	1	9	10	8	1	
1458679_a_at	9	2	6	3	6	6	2	2	
1458703_at	3	5	10	7	7	8	9	3	
1458718_at	1	7	5	1	9	10	8	5	
1458803_at	10	8	8	8	10	1	6	9	
1458969_at	4	1	4	9	1	7	3	7	
1459137_at	10	8	8	8	10	1	6	9	
1459151_x_at	10	8	8	8	10	1	6	9	
1459529_at	5	3	1	3	6	4	2	2	
1459680_at	7	6	2	10	3	5	1	10	
1459861_s_at	5	5	10	7	7	4	10	8	
1459875_x_at	3	10	9	5	7	9	7	3	
1459981_s_at	2	7	7	6	5	10	4	1	
1460184_at	9	2	6	3	1	6	2	2	
1460188_at	2	7	5	1	9	10	8	1	
1460194_at	2	7	5	1	9	10	8	1	
1460203_at	10	8	8	8	10	1	6	9	
1460228_at	5	5	10	7	6	8	9	2	
1460268_at	10	8	8	8	10	1	6	9	
1460307_at	2	8	8	8	10	1	6	1	
1460316_at	2	8	8	8	10	1	6	1	
1460317_s_at	2	7	5	1	9	10	8	1	
1460323_at	9	2	6	3	6	6	2	2	
1460353_at	7	4	2	10	2	2	10	8	
1460359_at	9	2	4	2	1	8	3	7	
1460367_at	2	7	5	1	9	10	8	1	
1460373_a_at	2	7	5	1	9	10	8	1	
1460389_at	9	2	6	3	6	6	2	2	
1460439_at	1	7	5	1	9	10	8	5	
1460445_at	9	2	6	2	1	8	9	2	
1460447_at	3	4	10	7	7	9	7	3	
1460469_at	1	7	5	1	9	10	8	5	
1460495_s_at	10	8	8	8	10	1	6	9	
1460521_a_at	2	7	5	1	9	10	8	1	
1460551_at	4	1	4	2	1	8	3	7	
1460561_x_at	2	7	5	1	9	10	8	1	
1460571_at	9	2	6	2	1	8	9	2	
1460600_at	9	2	6	2	1	8	9	2	
1460603_at	10	8	8	8	10	1	6	9	
1460614_at	10	8	8	8	10	1	6	9	
1460638_at	9	2	6	3	6	6	2	2	
1460650_at	4	1	4	2	1	8	3	7	
1460655_a_at	9	2	6	3	6	6	2	2	
1460672_at	7	6	2	10	3	5	1	10	
1460675_at	2	7	5	1	9	10	8	1	
1460678_at	5	3	1	3	6	4	10	8	
1460694_s_at	5	5	10	7	6	8	9	2	
1460716_a_at	4	1	4	2	1	8	3	7	
1460726_at	9	2	6	2	1	6	2	2	
1460735_at	5	5	10	7	6	4	9	2	